1463760208.007 52936 3 7 0 0 0 1608 0 0 0 
1463760208.119 52936 2 7 0 0 1209 2233 0 0 0 
1463760208.122 52936 3 7 0 0 1209 2233 0 0 0 
1463760208.220 52936 2 7 0 0 1836 2255 0 0 0 
1463760208.223 52936 3 7 0 0 1836 2255 0 0 0 
1463760208.320 52936 2 7 0 0 2137 2105 0 0 0 
1463760208.324 52936 3 7 0 0 2137 2105 0 0 0 
1463760208.421 52936 2 7 0 0 1780 2041 0 0 0 
1463760208.425 52936 3 7 0 0 1780 2041 0 0 0 
1463760208.521 52936 2 7 0 0 1202 0 0 0 0 
1463760208.623 52936 1 7 0 1839 2648 0 0 0 0 
1463760208.627 52936 2 7 0 1839 2648 0 0 0 0 
1463760208.722 52936 1 7 0 1274 0 0 0 0 0 
1463760208.833 52936 1 7 0 3057 0 0 0 0 0 
1463760208.935 52936 0 7 1549 2413 0 0 0 0 0 
1463760208.939 52936 1 7 1549 2413 0 0 0 0 0 
1463760209.036 52936 0 7 3126 1802 0 0 0 0 0 
1463760209.039 52936 1 7 3126 1802 0 0 0 0 0 
1463760209.137 52936 0 7 2907 2285 0 0 0 0 0 
1463760209.140 52936 1 7 2907 2285 0 0 0 0 0 
1463760209.238 52936 0 7 2548 2149 0 0 0 0 0 
1463760209.241 52936 1 7 2548 2149 0 0 0 0 0 
1463760209.339 52936 0 7 2017 2447 0 0 0 0 0 
1463760209.342 52936 1 7 2017 2447 0 0 0 0 0 
1463760209.450 52936 1 7 0 2367 1544 0 0 0 0 
1463760209.453 52936 2 7 0 2367 1544 0 0 0 0 
1463760209.552 52936 1 7 0 2543 2726 0 0 0 2827 
1463760209.555 52936 2 7 0 2543 2726 0 0 0 2827 
1463760209.559 52936 6 7 0 2543 2726 0 0 0 2827 
1463760209.653 52936 1 7 0 2043 1776 0 0 0 2235 
1463760209.656 52936 2 7 0 2043 1776 0 0 0 2235 
1463760209.659 52936 6 7 0 2043 1776 0 0 0 2235 
1463760209.755 52936 2 7 0 0 2425 1529 0 1422 1799 
1463760209.758 52936 3 7 0 0 2425 1529 0 1422 1799 
1463760209.762 52936 5 7 0 0 2425 1529 0 1422 1799 
1463760209.765 52936 6 7 0 0 2425 1529 0 1422 1799 
1463760209.856 52936 2 7 0 0 2852 2178 0 2071 2161 
1463760209.859 52936 3 7 0 0 2852 2178 0 2071 2161 
1463760209.862 52936 5 7 0 0 2852 2178 0 2071 2161 
1463760209.866 52936 6 7 0 0 2852 2178 0 2071 2161 
1463760209.957 52936 2 7 0 0 1550 1565 0 2876 2615 
1463760209.960 52936 3 7 0 0 1550 1565 0 2876 2615 
1463760209.963 52936 5 7 0 0 1550 1565 0 2876 2615 
1463760209.966 52936 6 7 0 0 1550 1565 0 2876 2615 
1463760210.064 52936 5 7 0 0 0 0 0 3739 3206 
1463760210.068 52936 6 7 0 0 0 0 0 3739 3206 
1463760210.165 52936 5 7 0 0 0 0 0 4266 3802 
1463760210.169 52936 6 7 0 0 0 0 0 4266 3802 
1463760210.266 52936 5 7 0 0 0 0 0 4269 4461 
1463760210.269 52936 6 7 0 0 0 0 0 4269 4461 
1463760210.367 52936 5 7 0 0 0 0 0 3874 4053 
1463760210.370 52936 6 7 0 0 0 0 0 3874 4053 
1463760210.468 52936 5 7 0 0 0 0 0 2936 4171 
1463760210.471 52936 6 7 0 0 0 0 0 2936 4171 
1463760210.567 52936 5 7 0 0 0 0 0 2054 0 
1463760210.668 52936 5 7 0 0 0 0 0 1841 0 
1463760210.880 52936 6 7 0 0 0 0 0 0 2735 
1463760210.980 52936 6 7 0 0 0 0 0 0 4569 
1463760211.081 52936 0 7 1759 0 0 0 0 0 0 
1463760211.182 52936 0 7 2108 0 0 0 0 0 0 
1463760211.286 52936 0 7 2643 2550 0 0 0 0 2870 
1463760211.289 52936 1 7 2643 2550 0 0 0 0 2870 
1463760211.293 52936 6 7 2643 2550 0 0 0 0 2870 
1463760211.395 52936 1 7 0 2069 2927 0 0 0 0 
1463760211.398 52936 2 7 0 2069 2927 0 0 0 0 
1463760211.496 52936 2 7 0 0 2461 0 0 3491 0 
1463760211.499 52936 5 7 0 0 2461 0 0 3491 0 
1463760211.595 52936 2 7 0 0 2522 0 0 0 0 
1463760211.801 52936 0 7 1901 0 1708 1541 2400 0 0 
1463760211.805 52936 2 7 1901 0 1708 1541 2400 0 0 
1463760211.808 52936 3 7 1901 0 1708 1541 2400 0 0 
1463760211.811 52936 4 7 1901 0 1708 1541 2400 0 0 
1463760211.902 52936 0 7 2970 0 2255 2783 1642 0 0 
1463760211.906 52936 2 7 2970 0 2255 2783 1642 0 0 
1463760211.909 52936 3 7 2970 0 2255 2783 1642 0 0 
1463760211.912 52936 4 7 2970 0 2255 2783 1642 0 0 
1463760212.010 52936 2 7 0 0 2058 3080 0 0 0 
1463760212.013 52936 3 7 0 0 2058 3080 0 0 0 
1463760212.112 52936 1 7 0 1894 2005 1984 0 0 0 
1463760212.116 52936 2 7 0 1894 2005 1984 0 0 0 
1463760212.119 52936 3 7 0 1894 2005 1984 0 0 0 
1463760212.212 52936 1 7 0 1426 3727 0 0 0 0 
1463760212.215 52936 2 7 0 1426 3727 0 0 0 0 
1463760212.313 52936 0 7 1468 2840 0 0 0 0 0 
1463760212.316 52936 1 7 1468 2840 0 0 0 0 0 
1463760212.412 52936 0 7 2393 0 0 0 0 0 0 
1463760212.513 52936 0 7 1722 0 0 0 0 0 0 
